186
223
397
737
844
208
294
769
843
918
424
362
236
457
985
828
294
678
775
368
244
946
107
443
520
326
674
289
370
422
933
265
896
215
158
351
521
513
827
163
639
578
636
873
566
152
364
294
140
571
904
992
986
784
909
634
644
268
210
832
974
356
252
162
406
389
258
531
957
269
494
662
974
667
478
309
343
965
144
506
994
324
747
527
889
916
782
239
702
524
460
455
305
357
810
263
393
256
426
399
134
370
844
359
766
230
506
184
250
522
394
212
462
583
137
815
155
729
439
607
411
722
655
985
199
619
217
112
810
470
318
778
896
313
950
733
708
624
614
613
719
108
437
836
754
817
263
383
660
585
442
838
767
113
480
267
544
480
709
127
595
498
469
808
589
462
334
241
848
658
888
832
478
190
607
399
381
241
397
776
184
355
264
494
440
779
892
453
903
396
910
619
373
776
237
390
377
615
630
632
380
704
323
1000
559
828
388
993
635
591
206
114
607
226
910
111
634
798
524
316
824
940
831
737
872
969
751
112
371
997
962
379
130
243
637
698
576
369
320
752
893
416
871
111
306
883
567
871
496
422
774
992
511
565
310
967
860
619
962
489
930
423
374
641
389
308
575
187
847
764
940
567
785
573
780
227
724
631
240
421
404
689
390
742
464
896
825
703
493
840
336
435
961
444
224
571
611
199
380
553
200
128
210
265
510
454
279
876
644
297
636
596
408
168
787
962
433
135
220
960
994
529
475
259
843
189
854
504
109
386
757
630
885
348
181
434
303
744
523
963
783
922
923
323
926
394
629
850
704
293
107
535
310
126
307
697
535
485
356
861
291
200
215
172
876
668
675
847
222
861
496
324
808
626
538
318
823
507
307
992
650
233
159
549
891
187
187
438
895
502
355
259
959
343
319
703
542
131
122
732
841
527
834
541
756
449
929
689
473
778
568
484
735
680
467
721
533
589
214
345
275
791
330
968
299
311
564
630
946
785
845
713
647
655
727
786
944
725
286
313
906
889
205
776
241
770
157
797
347
114
474
868
780
862
994
742
260
350
279
250
932
273
199
876
573
827
373
813
381
282
495
818
573
649
532
173
633
260
785
713
497
419
207
251
702
920
605
735
604
900
829
718
160
500
170
671
398
801
922
856
714
796
735
633
469
724
706
206
756
672
522
826
732
670
498
640
398
999
187
781
321
140
642
372
134
239
630
801
708
639
608
135
175
344
210
646
156
179
755
291
970
580
373
613
983
783
241
984
720
611
104
887
459
209
850
751
965
355
407
983
242
366
159
949
657
126
867
138
813
724
476
465
357
690
727
223
321
592
368
715
771
465
556
859
720
230
640
330
237
540
830
827
345
935
484
106
333
804
631
256
187
941
437
739
442
951
614
148
754
478
158
376
223
516
859
692
880
780
359
157
173
431
149
281
626
951
790
774
508
292
624
200
594
581
973
464
102
389
750
608
582
657
721
637
321
369
721
424
455
967
682
216
299
293
479
172
238
916
784
687
265
877
932
771
393
481
573
149
872
817
940
525
864
612
759
477
928
478
910
373
511
400
686
645
430
460
126
167
357
488
422
812
453
896
925
949
869
623
750
910
742
748
425
182
802
360
642
908
360
990
613
231
524
742
227
288
829
178
953
597
368
451
773
825
317
912
391
388
445
338
532
783
687
442
365
184
610
618
532
996
876
259
414
981
761
781
243
924
551
311
777
380
213
895
580
737
362
784
565
689
791
827
198
494
838
902
829
791
231
294
230
828
527
860
850
400
719
390
973
436
557
280
335
931
146
478
586
824
196
206
383
902
830
787
141
240
453
672
337
247
928
307
686
288
375
612
441
385
507
825
320
311
509
535
824
976
652
918
657
193
436
931
229
534
102
968
359
267
302
696
691
809
163
498
390
294
734
872
166
272
815
455
147
827
575
331
812
941
226
290
337
133
511
195
831
104
543
169
834
962
861
199
378
447
824
257
820
682
406
201
188
463
342
435
681
529
424
953
601
100
170
129
260
965
200
913
597
527
233
805
521
310
503
354
734
234
592
454
327
642
339
225
847
225
419
743
555
499
819
441
165
504
457
645
324
347
920
923
238
151
374
358
962
625
697
731
756
478
254
396
254
620
426
311
142
117
841
459
932
197
123
975
334
174
599
239
801
438
576
650
840
725
905
356
757
829
1000
100
558
256
916
227
728
447
435
795
776
937
374
783
903
862
129
397
322
741
366
582
695
489
184
678
373
879
607
309
850
619
459
529
397
138
819
937
459
360
261
658
520
189
379
587
411
251
362
794
470
281
741
695
328
728
495
409
979
907
771
382
956
543
446
155
421
961
382
436
803
383
137
764
782
693
604
569
571
130
702
783
934
982
168
184
407
708
814
605
836
878
741
836
127
831
311
571
511
802
511
620
393
230
443
361
982
934
248
540
393
631
253
416
945
722
741
961
177
107
608
525
556
436
635
279
576
120
792
690
558
367
424
471
167
131
909
267
663
729
536
162
254
773
522
938
138
225
199
669
395
405
775
462
255
155
960
299
885
511
236
779
280
176
452
669
133
931
323
243
441
1000
424
290
953
310
316
567
547
497
163
749
348
114
967
377
653
582
582
178
439
450
720
462
540
956
757
983
221
177
977
150
786
506
936
464
294
661
581
588
933
128
417
632
799
840
509
342
825
953
249
858
442
718
303
332
998
522
815
305
536
851
491
246
866
142
900
586
292
149
601
398
309
620
949
521
245
626
660
641
137
752
229
494
464
924
409
993
285
668
230
373
893
791
704
648
980
405
987
828
400
263
511
321
222
532
224
483
296
984
979
285
910
676
601
946
107
587
701
900
659
229
563
559
985
820
164
580
326
214
707
137
844
162
126
408
973
436
498
189
758
538
571
344
171
461
169
665
861
497
692
592
736
611
582
765
839
503
183
227
100
105
172
625
729
324
983
795
427
695
125
880
374
905
815
311
403
917
864
891
544
549
910
262
211
435
164
116
757
344
637
614
628
385
425
977
290
139
268
561
506
708
327
882
879
650
295
620
314
792
773
186
957
286
568
469
183
952
787
594
727
469
472
397
662
604
368
775
612
278
908
266
276
114
412
177
411
373
569
942
279
739
921
299
109
474
742
824
821
809
329
206
647
846
341
206
953
424
225
126
156
916
247
567
976
764
605
258
828
135
603
495
567
572
122
783
490
725
956
777
203
198
488
202
299
576
302
255
113
973
108
130
828
601
792
378
842
593
471
548
544
796
598
307
487
160
899
628
622
189
347
280
323
810
110
724
447
804
122
708
983
343
735
880
349
284
354
332
991
577
521
245
901
1000
812
321
729
393
820
490
161
639
443
566
712
874
916
908
614
514
724
267
145
476
582
272
707
701
269
964
305
411
632
513
428
995
681
415
267
931
147
887
374
690
982
656
264
230
627
269
729
482
979
642
146
679
944
774
357
767
886
981
677
668
870
604
402
434
927
711
233
692
106
995
630
982
230
596
706
414
622
150
154
686
229
652
479
219
612
533
480
669
378
146
944
250
211
820
318
364
733
290
883
850
834
952
269
144
608
336
833
893
487
127
549
963
765
247
739
624
176
365
313
363
179
534
294
713
823
267
808
226
832
279
843
155
707
347
979
455
645
125
780
443
994
510
534
352
384
268
341
656
310
580
151
286
136
183
550
477
311
434
397
595
338
231
458
443
201
679
696
223
395
287
234
808
866
234
850
281
163
326
933
865
783
386
787
378
884
433
229
1000
774
362
680
435
288
377
786
998
209
982
896
495
610
426
890
712
817
119
761
846
715
667
104
560
446
940
384
797
125
969
730
724
593
329
440
144
502
261
383
699
235
842
236
601
822
977
115
814
915
307
956
310
392
370
693
444
874
682
859
757
663
468
757
458
351
550
734
407
701
301
250
182
166
562
723
589
510
622
988
289
204
242
608
352
331
605
942
343
809
353
816
621
236
849
820
139
463
293
184
313
246
588
731
177
955
541
787
418
559
984
603
306
254
956
988
834
625
520
829
243
821
953
843
225
496
402
592
940
181
235
979
934
890
123
380
438
378
222
290
677
315
946
571
760
520
457
781
160
728
243
301
321
823
530
269
221
183
558
582
479
396
979
370
607
417
758
216
428
510
609
703
822
176
634
432
913
300
648
819
913
531
838
657
204
457
139
279
894
436
350
883
149
876
652
309
126
766
496
137
199
793
373
779
439
878
183
458
441
445
527
454
240
864
935
356
130
969
285
663
790
454
268
643
224
476
656
228
731
782
980
318
921
294
484
502
117
919
669
310
320
809
396
896
257
777
848
475
196
233
986
873
220
683
676
915
372
407
918
230
349
114
936
598
227
964
350
300
612
616
925
682
556
465
305
449
406
269
308
268
849
439
260
714
739
889
953
170
228
184
664
828
567
971
274
238
218
687
283
278
162
500
567
597
257
118
663
883
210
807
205
273
755
193
159
489
525
633
215
143
876
565
245
523
691
682
859
117
940
900
848
125
581
679
959
614
839
199
514
415
406
408
248
536
693
556
728
285
435
209
422
268
670
618
669
700
203
650
414
297
761
504
753
653
735
777
273
257
827
989
408
726
867
687
784
248
334
821
482
270
838
507
721
734
255
485
764
928
271
279
851
976
273
344
236
981
606
111
565
788
491
497
357
989
532
902
934
189
478
865
604
487
337
931
792
938
487
504
391
267
179
974
407
452
763
186
961
453
279
405
779
422
496
370
933
518
607
603
401
339
409
106
736
233
135
135
629
168
917
673
664
142
803
712
771
306
683
650
761
186
150
918
197
287
456
978
516
479
554
336
375
941
912
256
242
598
535
140
160
389
231
290
970
484
123
295
879
302
128
390
278
464
597
562
217
416
859
623
473
767
901
156
334
379
305
544
263
178
633
966
357
385
322
785
347
625
906
446
120
534
646
353
356
869
969
317
452
835
704
204
245
511
786
923
733
436
117
167
256
152
847
309
459
244
270
947
858
579
992
981
341
693
465
986
343
273
660
633
129
722
360
603
228
428
367
156
253
120
215
329
608
114
435
726
261
754
224
542
570
614
380
240
751
614
484
528
889
344
807
314
531
638
435
538
577
999
938
444
949
868
419
796
544
101
854
990
838
344
793
143
141
473
143
744
871
724
246
682
287
526
329
379
690
141
791
908
442
122
110
932
128
838
318
491
485
530
674
646
482
788
475
625
547
322
597
363
118
340
570
945
580
751
941
811
549
618
821
432
690
361
619
765
218
793
526
411
232
154
303
940
848
712
777
674
358
680
654
315
989
778
395
673
421
379
782
131
817
657
119
799
353
799
948
529
659
531
836
565
429
828
119
337
223
570
999
947
713
837
521
219
442
452
569
747
384
143
342
769
560
204
705
423
459
393
587
550
805
403
253
335
312
196
227
814
283
347
976
161
481
998
636
690
971
467
265
733
302
865
662
156
218
847
492
895
595
814
240
976
837
526
117
363
638
304
158
762
510
411
578
628
777
307
236
322
798
524
761
622
334
470
580
274
140
422
477
390
316
564
559
369
387
762
772
533
500
981
417
517
853
553
121
327
268
975
748
103
683
910
246
432
431
398
951
145
339
662
879
615
831
442
779
601
652
943
228
705
626
152
955
192
791
631
922
794
298
539
564
744
424
878
637
862
797
563
184
477
251
138
990
459
864
615
587
940
335
518
657
944
382
182
622
455
268
636
212
198
748
994
399
597
738
433
380
191
901
245
560
162
234
648
512
502
812
527
575
673
511
120
329
456
925
923
178
781
816
743
764
270
373
539
131
585
836
582
505
837
248
301
683
492
813
225
378
155
717
362
938
575
895
180
384
386
628
918
703
528
321
304
175
825
961
113
667
390
957
832
781
292
942
448
317
751
229
809
618
361
619
138
227
685
445
405
665
522
425
916
541
786
628
193
795
725
323
454
145
709
442
886
661
205
900
855
124
599
912
186
756
711
222
204
113
757
270
587
970
933
175
969
835
750
963
582
677
623
897
399
914
163
274
878
321
605
777
829
452
760
816
806
731
962
270
170
166
788
995
661
429
515
920
748
325
303
425
820
252
820
479
103
992
943
208
139
628
665
218
899
361
259
501
931
787
896
671
478
612
861
544
721
720
730
236
971
548
652
365
177
637
643
758
950
592
593
818
244
528
237
760
142
132
312
888
196
467
452
992
121
484
450
785
662
929
635
542
579
705
203
877
290
175
698
246
211
725
221
228
225
269
373
882
884
611
305
807
458
812
175
125
301
897
291
366
463
491
781
503
669
529
109
175
105
440
425
188
562
663
626
401
229
808
216
896
530
166
252
953
981
797
163
961
637
345
130
705
509
949
781
349
475
363
295
861
699
691
665
459
579
819
583
284
361
510
324
293
571
915
904
172
565
983
601
456
185
779
140
737
397
438
903
670
505
177
901
862
211
532
498
421
936
840
178
477
286
350
445
609
909
651
694
383
247
637
413
121
719
778
282
888
526
202
941
215
754
785
239
479
740
159
762
371
559
169
606
945
362
455
220
109
993
254
251
515
593
217
228
994
603
219
711
400
510
388
135
480
846
217
927
681
919
262
857
645
136
515
583
670
903
628
384
359
339
417
917
577
422
756
956
200
665
556
880
938
522
232
856
887
244
509
954
202
485
698
798
237
835
790
398
466
411
278
591
654
289
480
270
655
310
100
361
362
568
151
695
719
614
207
745
208
364
765
293
299
258
683
941
513
937
641
771
243
781
670
685
624
879
707
252
170
139
878
850
507
886
657
258
893
141
415
561
152
776
179
814
867
652
593
621
761
133
496
978
760
677
101
112
327
729
663
669
563
817
127
116
230
278
906
315
358
869
212
289
139
931
975
787
838
414
386
501
643
942
522
218
528
210
476
173
412
103
983
275
141
791
670
546
598
445
167
976
842
953
314
114
424
759
352
134
437
401
234
420
296
359
764
385
951
615
503
748
675
378
617
338
678
399
903
847
600
443
134
876
142
682
656
350
605
198
416
768
589
281
161
451
793
901
490
520
750
303
825
744
786
306
681
712
215
770
261
953
358
142
474
752
663
732
161
430
950
453
123
528
434
884
853
920
110
632
774
576
530
387
583
673
882
984
654
692
350
213
308
220
167
709
992
427
763
148
393
954
132
354
993
683
966
604
924
247
369
184
515
475
742
773
588
309
867
978
190
688
690
482
259
786
679
666
801
886
766
627
634
690
837
801
432
324
454
469
875
797
699
493
825
665
347
753
953
887
557
809
270
483
112
365
425
998
218
289
915
553
918
885
395
750
654
277
965
488
573
751
861
262
515
565
797
790
934
694
137
756
223
383
495
890
953
433
147
281
744
843
471
738
117
919
488
294
646
455
391
217
508
612
550
964
512
760
301
133
743
375
664
584
128
868
750
139
800
948
351
957
888
753
526
857
456
625
823
595
121
973
229
719
482
309
306
971
515
951
151
865
207
806
230
660
348
311
406
210
600
541
745
152
498
867
606
162
168
752
917
146
435
692
392
634
132
596
492
741
832
705
257
883
944
170
164
286
450
878
189
679
122
775
575
643
865
298
220
543
770
980
680
670
292
652
691
412
480
178
575
428
206
756
675
995
983
135
984
392
799
957
854
648
785
797
291
671
521
287
412
244
696
878
516
616
874
857
419
175
307
131
978
154
224
926
469
416
651
491
540
560
699
968
709
718
166
957
753
929
274
521
249
433
452
624
924
477
426
242
563
660
886
838
218
522
912
895
999
863
203
621
350
642
430
574
385
605
794
104
678
233
332
339
368
576
164
720
801
203
823
655
962
120
657
959
956
398
737
638
557
128
398
301
192
244
519
170
757
279
660
753
572
970
528
885
492
639
807
712
819
962
680
404
914
483
448
613
746
756
320
489
639
699
834
695
632
549
568
465
957
755
268
383
959
295
241
435
916
102
844
234
368
613
834
369
947
727
891
526
905
117
565
193
717
857
195
681
953
792
479
357
257
710
748
771
286
868
293
157
349
533
620
454
695
442
376
623
187
353
933
489
362
715
931
493
517
386
577
528
482
301
414
833
261
654
881
689
174
533
847
363
490
258
742
972
565
473
855
858
192
216
420
473
248
217
948
376
272
123
297
342
130
395
322
818
440
368
304
899
593
923
875
127
383
933
900
992
626
419
615
102
101
748
764
166
408
999
907
716
775
402
665
318
900
808
194
866
639
357
341
112
236
220
642
849
364
577
247
106
252
696
761
939
650
634
386
639
588
386
700
992
619
293
115
417
575
914
740
700
747
743
951
952
694
696
570
604
982
354
433
337
817
151
655
486
196
751
162
522
383
276
450
420
836
992
404
897
789
289
453
918
659
140
208
391
193
175
959
680
511
863
316
291
404
775
294
234
486
430
537
598
258
336
438
313
106
480
561
239
859
981
515
349
863
664
339
304
439
564
643
343
850
634
102
749
652
339
750
830
205
306
609
855
683
976
270
104
325
985
678
686
221
643
550
120
826
887
679
171
821
610
580
519
826
306
424
782
890
242
792
660
480
765
286
951
164
444
157
640
725
164
949
451
342
890
589
474
826
624
490
932
397
373
207
713
797
656
826
472
231
102
635
383
383
124
915
796
962
492
405
345
671
651
334
472
781
810
517
535
879
664
857
935
517
116
950
885
582
198
974
614
855
503
284
183
670
675
782
519
209
887
616
391
802
940
539
302
939
585
868
837
273
988
600
461
345
382
895
334
917
767
521
663
702
940
289
526
881
848
499
203
821
677
818
956
661
560
217
820
719
270
287
512
716
914
978
309
574
359
150
968
975
334
305
695
353
657
323
147
587
141
805
147
943
232
519
408
690
502
482
597
542
615
299
627
206
801
657
107
288
445
998
955
370
170
224
728
428
736
351
548
328
475
453
454
637
797
868
213
761
383
951
629
256
518
130
641
819
531
939
105
286
914
749
771
471
964
623
959
792
369
205
790
657
455
387
637
414
555
304
252
153
196
181
497
817
589
520
397
241
275
743
336
910
514
544
309
868
296
238
543
736
742
684
920
305
704
720
216
954
655
319
539
996
450
344
843
220
895
570
685
404
450
704
128
503
672
404
336
886
553
704
285
198
646
321
729
283
952
440
531
134
748
733
453
110
839
991
294
926
920
972
645
422
697
116
867
151
450
877
503
457
629
745
351
196
572
529
477
447
132
359
235
928
839
992
184
557
741
678
196
356
886
543
764
179
715
692
713
998
735
360
130
781
397
513
803
143
139
362
326
333
355
526
487
531
185
679
687
113
975
837
309
509
906
183
908
699
807
451
150
177
502
675
573
680
634
260
474
550
160
606
986
183
460
230
703
504
245
708
953
867
421
513
495
951
305
809
410
355
466
675
399
235
420
246
232
815
134
452
382
169
699
998
525
702
944
276
608
417
972
710
394
260
153
830
444
921
705
325
579
175
520
379
554
212
919
628
602
552
705
292
361
839
709
668
931
387
672
979
569
168
118
396
322
962
862
399
476
164
233
180
821
586
223
638
588
996
176
570
568
102
833
277
651
715
262
527
813
949
133
418
621
680
454
388
671
398
974
646
485
472
479
372
380
982
274
530
527
299
410
276
477
658
900
934
794
208
185
819
295
963
704
583
161
187
691
120
129
365
796
644
139
945
759
903
442
104
177
608
783
994
830
941
980
998
357
968
548
111
412
124
787
997
432
822
302
431
899
508
479
570
740
709
913
164
730
913
112
279
360
133
577
921
903
820
370
986
528
519
992
301
320
953
640
663
390
918
361
336
802
945
525
462
289
150
839
416
608
497
564
944
683
744
825
188
378
654
547
321
180
628
494
949
994
150
442
880
780
234
802
593
784
925
688
102
125
660
945
500
479
132
676
706
940
371
563
569
277
519
534
891
163
223
106
879
453
743
511
409
123
988
276
967
445
730
589
997
960
184
325
848
579
248
646
883
315
829
155
261
160
793
172
309
225
282
824
739
878
313
677
428
604
586
232
556
346
541
647
812
363
316
322
988
494
427
274
147
546
719
684
794
664
204
965
517
300
372
794
996
661
536
553
724
972
673
509
313
288
477
376
364
203
486
856
727
525
887
335
422
172
561
465
293
180
980
353
777
859
556
433
922
985
262
812
140
505
187
297
701
236
188
787
739
441
206
587
909
515
796
946
740
757
263
364
421
656
639
573
707
199
342
828
100
493
196
529
181
618
331
444
747
619
285
958
921
696
781
565
255
731
199
278
749
507
625
550
774
659
311
113
570
953
810
337
433
431
661
167
348
877
538
435
465
171
880
734
653
435
748
839
846
966
195
134
698
132
782
911
161
253
847
585
571
984
736
758
434
528
111
295
879
742
766
173
539
472
766
486
175
428
841
571
813
742
951
252
686
516
303
341
484
181
501
216
382
695
243
181
505
749
968
990
869
707
256
760
949
578
850
112
529
957
600
430
792
467
962
594
470
343
160
374
642
358
588
375
166
514
229
472
474
453
311
634
617
486
130
453
316
992
247
831
777
400
460
302
839
654
838
825
211
717
885
896
852
371
666
833
861
954
970
339
658
101
665
376
311
555
833
173
327
590
119
691
598
415
418
279
790
902
591
716
891
199
617
366
873
761
625
436
871
239
299
695
483
478
717
181
992
144
962
382
776
572
956
665
808
552
265
629
870
952
137
189
228
247
719
658
997
465
631
380
797
312
786
441
936
662
572
585
599
154
323
334
988
365
486
407
476
873
460
207
468
336
290
276
359
348
521
363
330
412
134
501
646
274
441
757
894
349
423
471
111
175
333
932
281
435
476
981
362
309
464
964
882
301
715
604
389
658
101
259
504
818
473
569
126
701
852
391
715
627
599
979
835
636
938
917
790
411
529
631
136
698
552
895
174
310
791
431
928
201
190
315
816
615
895
410
743
913
799
503
516
753
298
497
861
795
831
827
544
450
990
351
482
962
774
903
712
714
580
318
735
260
417
857
760
461
572
141
170
948
974
561
766
547
936
853
229
407
733
493
258
502
558
985
394
736
129
507
179
288
249
215
835
106
311
217
999
303
832
812
171
305
399
484
999
117
407
727
193
338
597
699
427
717
425
235
921
754
567
382
456
117
977
359
431
443
659
784
698
624
255
961
520
177
898
602
255
872
882
918
765
717
253
881
874
203
874
530
276
984
259
432
628
204
314
610
233
986
717
234
577
877
324
183
604
563
398
318
425
365
918
148
215
905
564
917
181
130
255
154
789
591
152
390
686
272
144
705
299
239
838
545
749
287
610
691
407
343
833
780
524
603
421
264
216
416
913
138
835
179
332
471
455
498
596
457
225
274
777
143
758
756
991
859
423
172
902
793
388
534
891
520
531
786
172
461
616
998
384
282
475
163
743
582
779
351
531
433
858
297
480
997
645
777
370
948
932
334
548
481
122
549
758
177
147
538
121
161
696
229
458
160
312
649
742
482
738
872
750
570
491
264
293
833
162
697
392
717
247
578
106
801
210
286
895
366
939
350
313
219
812
611
963
790
443
286
371
755
648
423
920
719
107
183
896
177
686
505
541
824
121
770
999
106
198
695
383
483
316
975
181
694
595
621
258
747
228
711
773
602
533
358
682
633
695
685
444
833
281
766
589
721
124
765
567
734
827
800
211
836
590
563
118
732
449
140
918
929
838
111
993
120
888
467
523
101
340
304
395
352
666
448
504
672
568
276
952
269
226
633
923
527
994
197
315
356
120
953
777
901
771
599
215
394
473
963
423
801
693
213
153
263
247
246
638
905
244
797
151
476
870
374
534
554
695
603
370
712
607
700
359
938
746
680
305
488
931
423
664
381
973
562
154
359
352
518
426
205
574
784
409
234
600
224
137
251
928
815
520
405
901
628
246
940
205
132
285
999
583
957
938
944
118
623
778
431
652
216
999
764
452
291
570
260
315
950
345
620
226
640
312
938
812
789
235
207
300
532
943
485
344
399
840
363
113
972
269
744
722
363
871
126
726
205
295
421
863
843
318
460
795
623
800
974
144
542
590
478
812
558
607
418
746
595
398
795
807
630
847
780
584
801
934
452
691
200
585
150
232
118
391
265
899
426
169
883
949
714
736
667
261
564
668
833
686
634
552
858
841
655
289
248
716
700
840
899
252
418
130
120
943
154
169
245
243
204
239
237
289
941
813
415
969
144
727
510
679
869
236
637
595
748
810
890
325
148
523
929
232
160
934
102
784
503
761
326
551
437
663
981
873
617
892
291
207
753
135
426
192
998
882
722
506
885
453
539
206
178
761
412
386
665
257
357
887
924
620
788
441
318
458
690
365
683
486
789
209
879
182
533
716
147
439
984
170
956
496
733
958
809
545
704
266
331
466
464
766
549
958
232
362
265
328
176
462
897
645
986
228
305
321
589
128
660
763
668
350
977
675
772
609
613
314
728
514
348
329
319
665
319
420
217
941
326
780
862
678
495
362
363
575
231
496
548
307
674
110
844
685
774
331
570
986
753
450
847
372
955
632
101
138
416
841
666
843
216
374
287
606
535
794
784
926
538
353
764
175
372
539
897
829
458
229
210
715
933
635
129
455
161
275
189
729
774
705
765
799
558
965
841
333
604
949
200
639
405
236
835
202
310
586
738
454
297
660
112
698
799
986
765
414
550
737
230
894
846
895
613
784
703
587
704
861
592
938
257
615
571
275
168
840
873
825
609
737
609
643
176
588
282
175
333
517
994
286
710
312
581
460
297
205
262
674
539
719
991
253
149
319
392
227
791
471
654
752
831
768
234
606
123
460
525
454
412
333
473
402
875
573
219
398
295
974
446
516
726
284
498
593
874
317
621
898
629
303
586
298
374
236
605
592
196
711
273
265
455
361
810
548
401
806
160
425
467
189
196
579
478
981
552
517
443
347
273
508
497
407
631
898
974
291
352
240
730
268
338
520
430
147
814
821
909
800
103
116
851
759
333
656
835
846
340
779
391
799
922
280
462
597
297
629
797
582
945
812
853
727
671
204
633
572
103
314
144
713
862
910
700
954
423
552
800
126
333
217
407
852
402
180
814
273
709
906
761
303
381
643
593
863
540
766
297
990
737
581
450
958
299
872
448
419
781
249
626
819
885
950
987
178
977
210
305
590
699
877
971
845
810
248
245
511
553
649
355
464
955
371
202
543
839
628
236
437
817
408
894
320
778
862
701
716
140
703
629
889
607
453
171
268
716
138
718
352
197
636
201
812
946
494
286
756
125
210
375
634
767
667
983
105
728
388
518
124
242
703
939
244
704
937
982
777
719
547
285
197
476
427
129
872
854
298
170
912
957
673
103
867
221
336
768
433
704
151
194
760
221
210
301
573
893
992
909
650
657
255
911
551
257
245
966
903
885
876
693
363
302
214
449
924
570
400
232
654
547
764
680
725
838
772
702
115
432
952
916
793
755
732
346
559
205
571
506
237
900
569
684
747
541
244
641
148
845
628
333
255
356
712
942
1000
939
455
463
931
507
982
192
508
308
750
819
446
262
642
831
479
736
952
218
967
944
1000
660
768
436
909
375
529
839
369
866
610
115
916
483
531
229
277
888
661
771
703
131
739
913
747
579
546
322
621
507
213
470
179
622
414
512
381
221
326
617
375
100
452
448
437
676
562
831
703
882
587
269
986
787
205
995
352
663
712
392
765
831
503
108
349
680
152
989
928
544
557
983
379
456
953
120
604
978
798
277
503
218
722
890
568
334
943
844
122
141
940
633
604
520
600
539
331
152
478
727
375
495
814
891
241
308
602
267
440
391
762
792
143
921
835
727
870
144
341
796
519
839
286
184
772
238
411
675
788
456
393
670
167
752
754
118
234
892
376
703
450
694
969
899
685
266
849
807
509
650
317
971
156
782
706
716
568
780
668
408
409
317
199
849
110
449
749
508
612
601
963
182
139
261
777
728
921
696
622
448
893
932
593
145
337
937
866
304
249
773
136
110
476
552
150
201
558
385
157
998
961
783
400
270
369
472
660
280
290
766
907
202
409
511
698
277
133
576
413
372
671
936
347
655
144
690
748
609
743
477
157
744
262
229
396
875
763
512
211
666
758
496
406
856
164
666
318
189
502
511
628
964
544
201
228
844
578
161
128
338
199
619
838
455
733
734
593
658
993
473
201
197
812
416
610
683
615
447
343
530
211
545
633
856
687
309
757
213
521
153
993
708
136
915
265
914
910
823
688
826
179
427
512
518
676
215
289
983
351
158
852
939
346
928
430
699
400
122
959
310
686
995
477
595
191
976
547
480
433
245
220
654
658
490
898
643
650
317
511
907
913
432
752
583
437
726
147
278
297
577
710
248
822
116
445
756
333
429
881
361
919
926
744
664
876
379
486
498
838
316
358
529
524
279
979
852
199
653
818
105
534
575
327
918
399
672
812
478
891
564
249
534
635
943
303
100
246
792
525
928
629
746
275
390
255
686
312
329
388
461
346
504
164
991
402
913
383
882
942
353
729
966
706
108
488
328
180
647
988
902
268
400
101
855
303
285
767
953
781
390
266
773
640
458
641
747
812
465
743
584
877
993
950
298
524
472
773
414
165
404
425
515
161
865
956
777
366
239
541
900
149
891
664
711
620
627
761
282
709
507
465
984
486
827
402
219
553
507
672
822
845
113
547
792
933
462
953
737
159
931
542
697
859
717
167
246
362
901
660
817
361
218
583
622
139
901
984
630
784
785
468
348
165
396
561
399
379
480
224
778
817
391
357
293
302
886
208
900
534
201
363
454
345
957
617
604
738
668
979
338
726
705
236
530
299
764
416
627
949
977
753
920
643
200
514
985
802
937
593
161
684
341
234
460
401
834
603
864
851
968
390
913
455
200
805
639
880
574
293
228
674
988
163
777
985
976
946
504
217
649
155
726
887
723
722
125
144
778
468
848
233
901
376
906
103
600
897
501
244
509
362
930
582
808
160
357
817
635
746
882
340
712
381
676
718
220
250
191
639
994
375
246
430
390
856
118
113
466
660
314
122
794
356
944
323
849
562
756
434
969
103
542
642
150
735
290
562
400
175
556
586
688
165
651
929
980
266
794
558
666
828
585
376
344
243
377
348
150
479
688
767
684
122
263
604
744
764
542
976
125
941
100
875
259
901
324
826
498
118
582
433
732
785
135
406
263
174
493
150
317
161
768
914
382
427
145
994
305
640
399
260
488
509
199
213
860
782
852
272
438
380
878
431
476
721
763
292
943
443
628
153
784
715
520
557
122
953
247
724
408
675
229
506
878
489
716
495
109
290
876
474
938
342
103
175
825
416
731
619
470
761
135
192
221
169
868
250
434
838
575
584
357
509
601
168
955
161
208
324
989
816
154
910
827
289
406
211
532
247
755
391
137
411
528
697
821
764
571
224
847
435
594
516
742
939
358
159
128
130
163
761
649
881
876
343
541
728
597
256
782
334
916
396
292
909
864
801
698
661
598
175
507
865
542
426
721
416
393
270
762
814
951
937
235
889
829
712
273
367
502
544
609
559
752
323
247
166
202
154
187
874
181
330
876
338
869
311
501
407
232
897
238
672
906
349
691
319
798
648
438
453
900
840
868
928
799
790
901
661
201
746
115
533
311
467
638
144
428
292
556
421
590
402
773
220
410
165
173
356
134
588
726
391
679
946
448
502
630
396
822
427
349
876
103
106
899
978
763
543
605
101
629
917
792
506
538
117
944
779
837
900
413
600
558
268
804
903
369
236
785
314
884
784
880
732
597
532
378
406
257
367
254
968
700
478
790
431
837
893
393
759
254
449
576
460
644
927
306
854
940
594
653
896
567
305
794
502
404
169
588
946
524
279
376
514
726
332
701
687
451
630
647
599
587
825
879
693
727
179
518
444
681
620
987
316
948
717
611
244
916
766
211
225
534
941
793
834
318
437
216
818
473
546
770
404
148
563
358
724
870
879
847
675
450
170
253
509
532
959
237
676
582
985
425
385
601
285
421
833
685
948
923
788
982
565
641
679
249
552
324
455
684
171
163
262
743
544
990
966
852
887
868
437
941
275
612
140
961
653
636
834
455
721
159
860
766
499
876
104
311
744
966
934
640
563
873
999
961
858
743
563
740
739
257
727
568
572
362
834
269
553
751
286
189
575
588
120
922
851
851
774
108
633
856
246
785
350
952
516
498
967
184
910
426
605
614
643
388
148
191
445
848
123
359
778
307
919
297
911
378
113
716
454
870
527
707
943
458
611
280
967
154
248
163
967
451
144
945
157
747
741
519
570
307
998
509
215
313
809
743
122
311
164
680
815
727
744
464
218
652
319
994
936
382
913
996
953
373
302
907
322
370
888
655
281
306
111
632
829
931
686
291
632
594
829
496
196
431
247
727
645
266
165
932
257
916
117
372
604
528
887
861
311
200
821
580
179
581
184
665
102
418
384
545
719
977
321
528
551
641
821
414
163
941
496
819
425
127
884
248
280
475
332
774
993
873
897
433
202
107
733
483
371
634
539
331
939
438
994
691
916
682
663
426
709
430
166
269
332
324
490
925
685
356
624
528
888
602
816
793
142
962
944
508
311
827
262
795
302
461
581
726
248
488
385
667
166
467
383
874
468
749
987
522
896
489
446
784
513
291
965
968
900
838
179
980
721
199
631
416
872
257
404
776
424
621
483
290
705
916
694
730
928
785
329
355
731
980
910
156
190
438
544
945
649
147
481
599
268
217
639
498
325
251
298
329
941
724
931
750
358
965
840
945
296
892
383
814
894
810
134
841
799
325
288
850
200
930
121
203
163
543
579
123
427
931
927
935
759
122
188
926
832
532
412
117
777
578
290
246
764
364
126
580
629
530
721
450
498
927
786
232
531
779
804
890
603
135
866
936
588
306
261
823
861
638
535
438
967
298
321
317
288
130
571
132
364
397
880
311
849
550
720
728
597
347
708
729
544
713
425
454
893
173
161
689
497
186
558
100
724
115
311
990
828
686
447
830
943
567
650
796
553
267
329
786
191
107
322
106
762
840
622
300
316
938
720
189
611
656
722
798
724
287
697
381
856
766
152
517
147
399
755
504
806
515
830
514
238
627
178
701
503
947
156
518
958
666
774
243
515
901
900
786
191
972
917
517
772
959
884
1000
971
782
858
507
473
648
981
672
700
819
354
467
109
564
735
789
287
228
899
297
106
871
229
414
480
874
487
256
126
588
745
394
356
899
555
408
746
538
974
848
722
247
422
834
225
508
279
975
252
821
865
184
842
592
548
273
117
394
885
501
973
601
986
235
744
643
878
201
342
692
401
826
233
437
786
103
290
663
933
150
232
918
820
130
168
305
241
746
783
482
865
542
263
917
731
796
245
711
995
535
708
547
525
155
664
112
222
754
324
634
975
509
110
517
400
677
870
277
346
902
348
203
938
827
931
737
984
804
365
620
340
849
652
117
261
768
196
475
449
809
497
494
274
793
554
788
305
574
509
521
554
158
745
147
129
449
204
558
846
722
917
781
556
763
143
935
678
237
537
653
761
615
889
934
354
490
656
371
875
583
610
491
712
162
635
982
813
466
261
493
403
671
332
888
436
117
980
459
857
905
722
583
602
722
581
311
570
615
387
994
639
277
573
611
896
664
834
834
795
416
201
250
992
640
715
868
219
608
179
916
886
360
627
924
594
827
440
771
884
550
128
422
544
744
874
634
788
117
678
629
449
758
450
402
812
687
696
173
880
396
377
438
829
681
844
851
191
495
856
515
668
126
902
885
390
918
784
188
441
395
796
209
377
599
400
298
457
240
734
366
920
237
150
543
435
113
238
306
281
864
203
733
557
945
397
383
740
485
133
811
341
326
242
575
992
821
850
366
491
499
564
949
335
915
404
777
629
142
991
811
399
522
444
472
851
311
377
511
560
439
112
405
545
734
390
706
814
310
777
288
819
685
336
834
728
718
183
650
740
352
942
796
862
974
728
730
377
481
883
229
863
429
299
456
191
244
471
993
572
720
677
285
988
936
538
583
993
126
929
879
813
193
247
214
197
403
284
502
426
246
755
185
350
114
658
621
454
938
339
786
478
823
898
577
451
916
684
384
813
137
643
293
238
568
947
377
932
294
351
994
347
465
379
209
470
911
489
494
889
159
937
240
656
614
474
648
319
381
345
784
488
179
715
107
234
998
913
240
527
727
225
828
269
196
278
736
555
380
551
999
859
692
221
713
625
107
262
425
809
708
964
120
743
477
573
103
223
249
363
555
473
179
397
317
206
829
426
266
140
221
786
266
158
889
577
262
558
629
412
456
261
888
861
181
444
417
358
937
642
686
337
453
605
433
682
953
350
611
316
155
866
170
521
452
990
905
134
545
796
843
233
634
624
842
419
418
470
862
885
737
314
957
414
808
726
634
683
500
787
652
891
414
683
518
571
294
955
458
378
968
244
543
847
651
852
975
637
439
336
597
527
257
396
593
171
979
232
986
774
587
437
679
398
592
317
549
134
101
621
320
857
448
633
688
819
714
641
683
442
990
553
945
876
837
834
398
318
880
609
645
119
510
272
462
138
542
236
730
593
927
575
383
627
118
463
913
415
468
525
179
206
116
808
462
666
636
531
275
272
166
665
903
548
629
422
305
542
710
724
860
574
571
655
417
141
696
689
977
404
262
628
902
213
574
337
842
252
407
488
892
820
291
209
792
302
175
315
257
769
652
309
508
551
443
192
515
839
854
254
880
990
957
552
905
808
541
431
693
767
938
715
445
499
748
996
655
558
974
201
156
344
104
754
929
648
601
569
181
502
224
973
878
937
116
800
725
639
236
545
329
372
521
623
332
625
172
583
952
814
312
745
796
240
866
337
135
435
439
216
507
664
615
914
134
327
511
420
657
303
507
441
999
472
305
149
391
326
135
324
496
161
481
310
728
279
449
887
632
914
217
599
285
201
160
856
141
219
931
525
198
474
447
512
985
647
335
117
562
677
799
702
849
703
974
730
849
263
370
981
557
829
924
452
813
351
355
570
230
450
288
444
734
477
739
363
588
226
357
796
451
454
866
429
871
734
975
769
766
807
910
195
355
111
548
242
624
430
637
837
162
534
982
421
375
744
193
234
855
535
361
917
379
518
849
132
721
296
753
277
172
371
630
989
426
216
424
584
975
827
867
224
786
677
404
242
493
798
949
412
904
931
945
683
403
782
494
163
774
551
544
670
351
117
816
887
587
879
866
677
974
128
287
384
418
187
860
843
675
255
817
604
172
961
527
283
544
897
312
366
313
341
496
391
749
596
332
174
946
934
972
279
191
542
348
461
588
456
640
165
972
875
407
708
534
745
771
601
246
321
814
778
490
220
753
109
813
508
275
328
482
472
385
485
778
263
486
488
863
912
614
520
738
203
943
317
526
336
392
235
793
976
144
603
764
174
578
757
158
666
538
654
821
726
915
131
626
828
322
914
753
912
119
553
100
408
848
584
178
773
1000
315
704
402
974
824
808
607
658
966
744
768
571
336
518
584
826
645
992
933
589
582
139
978
971
433
162
483
462
675
386
158
703
975
301
782
266
918
264
561
189
630
147
214
568
589
173
410
387
178
714
443
763
108
220
341
860
653
174
988
265
313
544
647
720
219
981
170
217
376
259
497
788
415
795
140
964
542
351
730
314
572
263
854
935
126
286
389
544
651
990
583
159
894
478
730
274
378
379
306
319
958
660
200
325
220
242
132
426
116
222
825
929
703
806
923
756
580
902
142
353
626
358
481
741
361
656
436
213
325
965
985
892
716
436
453
408
613
928
683
998
300
691
202
468
658
626
968
890
406
554
940
808
758
826
562
780
470
574
485
313
981
330
788
958
802
329
846
439
606
238
820
140
494
689
293
265
782
334
349
568
626
355
630
348
778
893
243
734
345
515
203
342
953
545
288
223
659
738
691
510
995
957
118
673
481
902
207
617
302
145
365
795
457
172
865
651
268
152
585
361
281
846
529
956
399
719
676
418
963
477
998
357
513
291
925
966
894
468
780
278
793
233
100
949
932
958
250
352
835
796
254
745
978
207
975
952
543
874
452
441
120
657
542
122
450
818
218
689
661
982
804
968
743
749
881
419
532
360
473
389
525
858
997
504
839
911
631
646
627
933
935
815
639
847
552
798
978
977
595
529
720
803
719
748
516
393
879
124
179
825
927
649
259
509
629
836
451
858
958
218
713
575
786
980
797
985
795
271
301
507
832
762
447
258
926
350
113
297
298
814
361
762
563
369
761
362
781
199
392
702
855
196
213
533
828
413
771
436
987
547
887
218
890
485
685
574
205
654
467
977
811
237
788
579
577
557
147
545
110
938
459
517
303
991
452
605
461
925
252
547
693
896
215
477
187
385
349
962
647
214
953
260
531
148
350
761
725
452
236
617
983
122
372
922
718
239
404
366
970
780
175
476
780
862
109
154
924
460
515
855
786
641
733
291
116
637
503
586
462
403
313
913
563
395
721
500
718
792
667
819
372
161
231
475
928
245
654
183
587
307
944
470
419
826
822
895
387
543
136
999
961
978
137
666
155
548
709
227
693
731
160
249
878
253
978
168
280
782
428
648
628
792
670
916
218
395
390
987
957
807
407
927
774
642
795
726
776
848
790
678
617
910
815
852
958
477
468
904
478
438
370
511
705
721
311
434
480
795
266
142
431
482
126
667
281
946
958
290
195
849
855
881
994
973
174
727
515
223
272
215
575
264
657
886
663
849
482
143
793
252
805
527
826
453
236
955
398
482
797
360
584
922
288
661
459
909
615
960
950
957
566
139
770
925
800
335
752
851
565
857
617
440
542
791
762
981
445
220
544
405
468
329
700
155
452
188
297
945
441
974
843
329
478
774
757
307
172
120
930
891
374
794
747
165
587
769
969
887
184
885
915
841
218
376
147
222
118
860
805
493
500
221
501
461
295
894
378
884
880
156
951
219
441
476
443
497
457
652
468
643
446
892
714
801
348
819
927
304
989
251
389
928
733
882
447
491
977
824
718
437
861
531
116
129
625
336
879
497
945
703
857
213
100
464
555
198
347
162
718
818
964
764
958
412
928
811
606
536
826
658
127
452
672
812
277
563
646
680
795
537
972
111
316
121
109
750
366
361
464
540
917
500
862
891
497
734
707
272
752
543
839
313
982
896
264
716
947
896
697
264
414
182
601
309
668
838
351
194
363
235
482
483
501
757
519
958
744
166
592
708
961
440
789
446
658
448
754
614
142
382
249
473
203
494
757
941
786
364
759
286
639
882
171
316
630
259
153
757
173
108
329
872
548
215
918
306
391
118
788
817
526
539
134
993
200
273
768
518
155
675
646
484
857
120
244
415
622
869
175
564
554
892
707
460
724
122
120
760
171
654
281
560
133
636
572
437
141
245
769
230
876
630
608
699
287
229
642
634
678
123
669
259
570
958
168
507
285
586
877
614
308
379
128
293
164
480
931
175
466
906
454
940
344
976
762
941
651
632
148
218
177
216
339
865
968
380
125
541
767
834
910
117
626
662
433
429
170
325
725
183
707
324
694
100
825
520
693
630
189
908
691
701
904
502
571
268
561
522
101
232
192
534
621
938
945
891
101
427
656
366
620
934
302
862
344
333
695
693
583
920
534
519
381
456
209
368
460
101
104
816
461
415
299
251
566
498
304
498
155
643
330
575
867
734
493
627
718
933
317
742
130
897
636
477
569
788
939
836
353
853
953
996
658
523
862
673
840
124
289
890
948
473
270
175
429
944
550
135
436
576
145
648
426
719
816
628
646
353
327
281
435
769
459
765
339
575
625
995
635
629
495
756
465
692
992
150
717
415
646
454
962
188
764
945
155
850
773
659
596
757
930
586
851
899
481
711
117
877
665
463
734
258
350
150
862
263
565
816
892
243
294
446
758
139
499
679
969
499
331
547
820
596
160
897
107
686
657
754
824
816
286
266
996
635
647
294
637
856
299
711
164
977
641
571
326
555
161
459
814
107
558
836
147
668
515
311
616
558
957
720
620
245
344
589
427
390
487
413
140
115
834
892
799
692
748
141
633
250
669
896
434
771
198
560
162
476
782
187
918
163
591
999
599
286
311
663
225
188
765
884
615
338
422
564
554
941
645
117
605
726
674
691
827
608
126
603
270
248
940
791
902
851
616
131
408
461
599
806
953
177
118
891
965
346
640
313
924
795
908
802
765
144
650
324
668
535
395
379
731
929
335
898
595
867
206
994
401
983
978
509
390
524
394
282
735
303
452
145
753
348
946
752
185
580
101
995
200
103
615
771
943
187
640
486
822
318
992
114
565
825
975
677
675
194
651
869
436
505
946
967
825
153
895
180
185
308
970
238
791
122
236
855
492
404
764
693
935
763
280
596
459
738
206
213
529
520
484
909
164
700
699
711
367
502
261
365
455
446
844
737
670
507
302
958
258
377
624
320
337
605
949
819
891
977
938
432
208
268
483
233
351
653
830
953
681
137
760
860
992
828
996
844
841
697
874
605
459
898
523
693
346
942
565
199
910
530
611
727
614
257
322
721
197
536
393
663
373
326
521
446
621
886
559
100
584
221
613
611
932
197
482
609
456
854
605
377
832
329
150
880
533
192
770
287
864
765
232
451
664
655
682
496
761
712
325
735
853
744
522
979
387
869
121
625
878
390
696
423
432
726
104
272
132
277
139
207
589
800
318
531
142
501
845
404
716
536
945
498
448
746
646